1155
6483
8038
8456
3016
6942
4834
742
3565
7071
2527
7731
5694
6976
9840
4611
8146
2503
3131
3892
8644
9655
4495
3380
1491
5736
8661
4777
6151
7150
7971
9154
2607
3085
6634
544
1479
5746
3257
2251
3098
1342
1354
948
5349
842
810
9158
9544
1577
5363
8023
8318
2332
5240
2146
8292
7156
1504
6586
8358
28
5444
7509
3202
5767
3268
4091
7255
2371
8548
6758
8474
5581
8696
8893
7606
2913
8559
6017
1104
386
809
2423
6273
5909
8696
4756
4772
54
3304
2937
6818
1686
2579
8999
8503
2278
67
4986
7814
2463
1704
6936
5457
1370
8466
5947
1024
863
8574
7364
8231
5342
3494
1511
4580
1766
1528
8535
5699
539
8157
9794
5051
7628
1929
6179
8971
9695
8406
2745
5574
4092
6245
9632
9342
8480
443
6384
9340
5171
5061
9586
4219
2371
8840
812
9655
8344
6531
3374
5773
8000
4421
6033
6643
4348
9660
9636
1391
1326
3691
6696
7908
8275
2608
339
4549
7257
9141
1481
2026
8115
8819
7052
7928
1896
2883
1413
5831
7250
3823
3577
473
1168
2400
4272
9107
5646
7704
1501
6355
2482
641
3380
6288
6157
8769
7530
7153
9776
5921
702
8045
9297
9147
2384
4907
8922
5365
8642
8753
9699
4450
823
1755
3229
2807
4011
241
2303
9603
6612
7150
3883
4417
8551
3753
3506
4738
4524
3167
8048
3862
5833
6038
5728
6665
1588
6447
1233
3823
7901
2395
719
2174
6704
2974
65
5851
6571
2015
8466
1763
5105
9425
5792
7532
3641
5218
9401
7010
7195
8723
1027
6482
2490
9086
6242
2412
3895
6633
2233
1603
7144
6055
562
9979
8407
8578
6896
8436
7051
7513
7800
5656
5920
4643
3708
8616
2258
7738
7894
4757
2548
2508
1880
8340
382
4570
491
820
2814
661
3139
639
5093
604
5750
5610
4320
1938
2539
4834
4734
5517
4638
3726
4124
1538
2182
6811
1476
2192
9692
2671
6437
6110
9740
3385
5341
2871
1588
62
980
2108
7010
956
3962
4421
1360
415
115
1317
67
8543
3390
8191
5323
9052
8379
2778
8114
9580
6150
7989
8091
9787
9700
331
3387
1210
4399
4979
2438
3783
4617
8322
9636
9326
6739
5854
5987
2027
4037
3371
7807
5088
8196
2191
6264
1720
8383
9429
1829
7046
9690
5432
8895
1181
2126
1954
6788
2539
665
3834
271
3143
1652
3586
1365
6839
9602
7006
5334
4483
1171
1611
1928
5328
1966
3531
131
6323
4615
7498
6878
4307
7739
8016
2045
6631
969
3202
7469
4350
1074
519
2019
4912
7252
8044
6647
6774
9677
132
9203
2943
911
689
3391
8873
9585
2859
514
6854
2279
1649
3879
2461
3595
3779
1938
5797
4077
6459
4854
8059
7378
2946
3153
5966
5547
1507
9237
3370
2124
1161
8057
3131
9591
980
9806
9919
4972
8150
5968
2625
6457
6350
9243
4932
3790
8823
2347
9764
247
3399
1853
5084
4878
7887
6375
8137
2891
4084
3216
8683
5538
9549
6708
24
6853
4483
6271
9763
8924
7765
7465
1178
4107
1645
6647
6384
3018
5820
2440
2962
8871
3286
6570
6906
8986
9683
120
1128
80
8146
5298
8143
3844
3601
2666
3370
4609
1594
1740
8904
4359
2313
6397
1370
9589
159
5216
278
8096
1982
8518
8360
1789
7607
9154
3771
3563
7101
275
5584
8047
9387
2379
9466
7916
8219
5936
1979
9016
5843
9281
7499
1169
7140
9402
8881
2489
9707
4904
3643
2823
8024
6064
4346
5835
85
8248
9594
5341
425
9709
2496
8896
905
9289
7767
8710
6014
6633
8868
5763
7061
372
6415
3185
8777
7965
2985
1755
4475
7344
5415
2103
1750
6365
6808
3605
8206
5672
2357
7133
5974
9975
3763
28
5534
6904
1216
507
8749
6708
2063
7194
5279
9318
7802
9924
3939
7228
2276
8327
3256
4507
6963
5222
265
7801
3576
4794
3264
8958
6590
8664
999
6131
9427
8848
5828
5799
3199
4726
9460
3497
3232
7759
2867
8363
6346
2897
4484
4074
513
9036
2084
3056
7403
7393
4787
333
3873
1969
8449
1453
7021
2361
9067
3937
6402
437
1108
3156
9262
861
7116
5732
5650
4865
738
9050
1312
9112
7113
6439
1320
6458
2856
5183
9908
4636
7692
1976
8007
1921
4919
4994
8041
1880
1454
9659
7102
8855
4892
911
494
4634
9220
6181
7643
1863
9686
7318
5684
2344
4971
2569
6784
5292
3935
9018
1398
5247
2579
465
9809
9104
3582
7440
1782
2670
7965
3269
7207
914
6214
2481
6094
477
9370
1725
4250
4245
3830
9006
6894
7734
5573
8191
6694
2697
2369
159
7727
4557
4538
9459
6761
5742
7016
5535
3068
935
971
7068
7936
2971
1546
7773
4648
6305
1255
1384
7495
4962
4555
1209
689
8291
6430
3251
5797
580
3414
4742
7134
9096
4508
9883
8086
3328
1402
3072
1834
1469
767
7648
9357
3183
8788
4261
8007
711
3463
1967
6665
2596
5530
4482
6129
5404
7473
2457
429
7267
3662
325
912
9208
9569
8369
8727
4224
2465
5360
9197
4412
3800
2538
5326
1132
6700
9319
2206
7205
8463
9285
7972
174
7072
8875
9026
7451
3232
9050
9409
1978
1263
7241
6425
6725
929
2645
6166
2068
53
6713
4114
5241
9405
6561
8817
3344
2938
5680
6980
6747
9118
7886
4659
6663
5482
8494
732
2148
9488
9350
3110
6747
5167
6227
2768
8574
7831
6343
8752
5815
9971
3797
833
6517
3551
1058
9261
3288
2926
3100
4803
5549
928
5307
6257
8444
8709
5225
3195
1291
4215
9203
523
4092
9143
4234
7737
5565
412
9977
9185
6293
5401
4617
5497
4122
2447
1858
3497
7661
7974
2893
3438
9077
786
389
3894
5515
9496
3999
4962
8578
9235
3992
8728
234
8136
7213
1140
5846
2118
1321
1037
764
8702
7644
7667
2318
2121
969
8353
3781
1563
8549
2010
1120
3942
3691
6743
1723
1295
558
459
3661
3441
8847
5686
6033
7882
4688
3282
3527
6192
539
621
4419
3466
8385
6782
3816
5307
5605
2270
9943
6631
2678
1927
8989
3842
8997
7710
2859
7228
7169
5942
412
5853
7575
4865
8455
6507
8890
876
2431
904
4498
263
7432
2649
5428
1750
7354
3857
4562
4217
4671
8164
4051
5936
4754
9296
4405
1843
7738
8334
8568
6104
1854
5827
4608
9464
9368
3274
2765
2699
7842
3305
4962
1919
5418
2755
8085
2509
7339
6851
5825
198
8338
8539
7583
1258
7042
1037
1469
6135
3403
8842
3123
6795
7422
417
165
6053
3259
8604
9487
2488
1153
9416
2732
5580
270
3808
5863
9923
950
2265
4264
1900
150
3304
9028
5759
3016
3099
5886
5496
852
5954
5040
3895
5872
8707
8552
9675
8234
4180
8705
5567
3183
7251
3851
3458
297
3758
4525
2436
9023
5066
2346
840
2907
5153
8953
7913
8628
6626
2029
7337
7214
550
9725
5426
2016
9320
9316
1180
8513
4405
3632
88
5388
3730
6389
6952
7916
7525
1994
7477
3628
7047
1540
9112
9166
539
5765
2368
4207
5405
2364
3175
9078
8891
5806
9504
5923
9451
5324
659
9635
6141
9018
9031
4045
27
3587
2600
7190
8434
5665
5229
3189
6004
2913
8937
4921
4663
6529
3764
9746
8820
6313
687
4514
4146
4231
809
4142
4642
8537
283
1816
2319
3779
9254
2887
6962
5732
4251
341
6923
2798
9065
8077
4325
1336
8794
6622
6978
1969
8873
8523
4344
2663
7263
6722
9109
8250
9582
9525
8182
56
424
6451
3521
4292
9134
7058
3970
9707
3278
3243
7929
5119
5908
2812
1649
5575
2204
6103
647
1647
3539
1452
3123
8911
8141
5565
9468
9596
4028
2925
7783
8270
2421
3778
7468
6447
7376
1398
9564
5342
7929
734
4180
1334
6110
8281
1778
1377
1400
5645
2626
1783
3150
5749
6302
4109
3086
8220
8891
1056
7742
2157
1335
8744
476
7199
1217
1186
1921
4824
4894
1682
9195
955
7886
8565
7857
1827
2233
5985
6778
4310
3463
7929
5563
8012
7794
5690
8841
7541
5744
3838
8219
4308
8509
8231
5657
3698
5319
4023
514
727
5687
9847
2181
3706
3916
442
6422
4977
6672
9989
6996
8245
6390
6386
5647
152
1956
9291
5730
8949
515
333
8868
8582
9687
3798
4216
700
5620
6068
8978
4592
984
4646
9692
2628
3080
6247
582
9983
6885
8837
2660
693
3753
6858
4271
8398
672
1992
6140
5654
8429
2273
5674
731
4239
407
8569
946
718
9130
8608
7243
604
3667
5211
3114
3151
5031
4054
6888
7615
8764
7229
5234
8533
7785
3819
7853
9067
5384
9199
6427
204
3200
786
5730
4617
2521
1442
3092
1633
476
2552
5092
8486
7850
4405
1632
3845
6364
971
5768
3191
965
6699
3665
9880
8599
8958
7524
968
6302
8114
3236
9102
6823
9147
6795
3950
7169
6342
4908
170
8136
3145
5520
2277
7625
5900
6930
5262
7459
3913
412
9167
4157
4809
8333
9832
70
3267
1758
8775
5335
7685
3160
8902
1996
4536
8170
9490
2252
3624
8845
3889
5593
2435
325
4562
6632
5048
2397
8219
7749
2706
5432
724
3780
6239
3300
4995
7563
5088
3335
3737
2443
8629
8699
2282
4019
4766
4501
6934
9211
9279
3283
1292
2674
6598
9392
5952
4322
9853
5629
9876
9042
3833
8184
39
1181
6874
5645
8197
7799
3563
2369
9230
9151
5962
8716
6502
8448
8279
2279
1114
1660
7557
6665
9022
7340
4484
1191
68
8609
5337
2731
7041
8586
4720
4233
2378
844
1208
4780
164
8690
9305
7353
4013
7101
9649
5490
2992
1658
1008
6380
7832
3941
8108
7781
753
7596
110
1734
5600
6264
1462
8319
2223
9103
7237
3622
636
5553
7034
8066
1350
1993
7500
8476
6366
9902
9347
1055
3614
6446
131
7559
5047
2410
209
5354
954
3516
1780
4233
671
192
6918
8893
576
9375
9880
8545
8516
4361
2060
4615
2021
2014
3499
4236
4413
317
3368
9589
6422
8806
1602
5770
7947
1806
7646
9999
9765
8508
5877
7204
3572
9432
9652
9938
3550
3335
8400
3110
2341
8102
7630
2548
3526
5786
9171
8896
5688
2979
4802
4531
7644
4162
8242
4736
2826
1950
1836
8648
6892
6225
1456
6803
5914
7605
8046
6822
653
2201
2766
9843
6254
2974
2644
1719
6317
6217
3142
447
1447
258
5073
2408
3008
346
2729
7342
499
1887
1790
2707
8419
409
4533
8543
2599
6132
461
2373
6163
8230
4848
6890
407
6282
3404
8027
9638
2569
8320
2406
7963
227
709
5706
6043
6966
4086
6745
3873
6219
4923
8373
2845
4072
119
217
5727
3081
8358
8840
3713
3679
5204
6050
7896
8607
5242
6600
1977
7259
4725
8015
700
1849
6553
730
9496
408
3960
8799
4352
9383
2081
7557
1288
5100
9285
7738
3094
6106
8153
2714
8973
6518
3778
219
3832
2142
2851
7113
9429
2791
2822
6847
8082
7043
124
3833
4115
7128
3237
8570
5880
5449
4853
1314
1883
4215
5020
5155
6912
3933
886
7695
7900
5429
4981
6580
8194
2596
134
79
4241
1944
2923
3946
5359
8292
4128
7310
1148
6076
6791
9849
6287
4158
6656
637
4392
5518
4917
4724
2093
3816
4564
1622
4373
785
5198
4948
5694
1511
8455
9254
8115
9637
1413
163
2515
4266
8998
4957
5511
6704
2197
6809
9562
9930
7382
2034
8094
8073
3956
6980
230
4352
8247
2757
1416
9831
1375
6351
6985
266
8506
4422
9402
1626
4414
9634
9203
7924
6079
2591
1508
5311
1516
7153
6481
4854
1370
3379
2633
719
4720
2524
131
2955
5391
24
9249
7054
1485
5247
4158
3849
382
2712
5678
5284
1572
2733
4127
9273
2190
3998
1932
169
4890
2639
7556
3521
3187
8672
4499
1652
296
8487
8449
2637
8900
3664
8190
2257
235
3208
4536
5008
283
9975
161
6208
1713
6454
8491
1764
5183
7213
7748
9915
4453
9720
2031
8511
6752
5478
2278
3182
7150
3377
1000
9682
2402
641
5556
3160
3505
5176
279
1292
3326
6992
2176
6112
5973
3885
1834
739
1501
8591
738
9333
9344
3151
392
6761
4855
3883
6931
1192
4647
9928
3137
2945
1893
1456
8376
8294
1709
236
1000
1204
1651
4325
8183
39
1001
7710
359
8162
1487
8463
2424
235
1589
360
2409
9961
9615
4959
4685
1618
6837
9910
5139
6096
1492
797
9425
7610
8216
2644
4627
6194
9187
4589
5965
7630
2199
4067
4747
9929
1525
9638
6054
5363
7382
1071
6721
6269
6740
6268
1010
9294
1063
3609
4914
6923
1325
1277
6059
4141
8303
8294
9850
4064
2263
4556
6321
9080
3328
8102
9291
6226
6369
6630
9119
52
4237
6041
6992
7027
6244
4734
7587
8175
5224
2060
663
5974
8662
4012
4807
3581
2324
2101
7081
1272
6301
7156
5784
7937
7509
1531
1234
4092
5463
4831
3675
5128
6081
5573
8121
45
6458
4581
4469
4802
9543
6998
1885
3546
4576
3889
300
2011
4873
2141
3139
823
7424
5967
6472
7074
4421
9049
3122
7220
4779
4629
5542
2271
2435
2202
4033
5807
6041
6201
9254
9982
3538
7895
8317
3274
561
8741
4469
1419
2534
1478
3358
9359
432
7166
394
4380
6508
6286
7472
6071
347
488
874
8747
5339
1789
6779
2576
1848
2423
9431
2198
2332
3157
7807
755
5590
8684
4053
6080
3673
7004
1236
6210
4801
7953
2313
6198
2444
6979
578
4503
6175
3190
7539
8728
7625
9034
9063
9307
3333
3058
3328
3598
1913
9233
7385
6049
916
5756
9223
5584
5285
9226
3893
2202
4270
7188
9884
9961
3990
1569
9838
5091
2221
9623
6629
2102
9879
1442
5300
8059
3913
6101
3981
1014
2892
6434
7865
1796
4576
3866
9415
5722
5389
5157
1608
6661
8874
3602
8279
3287
9094
7160
5772
9499
3275
3955
9175
1884
1790
6650
7132
7687
3824
1285
5443
8912
5908
7057
1375
1434
3719
1074
7686
49
6966
3118
8435
5586
9569
6891
8889
9709
8282
5814
9636
1968
8161
1057
5443
7884
9845
254
5238
5709
4874
3433
6577
4190
8567
6283
2295
9643
1004
7111
6665
8399
8019
4751
9286
9399
1658
3827
3355
8968
4102
9802
4670
7888
7980
223
1908
9763
3066
1446
1236
5234
2692
4568
6188
9407
8541
1276
7841
9302
2614
557
8316
1090
8034
2213
219
4234
5135
6822
7595
4453
4918
8494
5547
7672
3420
851
1978
4847
4495
3190
8576
9350
7302
4112
1277
4302
8949
5576
6712
5270
307
8943
3743
9304
888
6078
2951
7468
4488
2878
3417
1221
4175
7853
34
686
1038
4705
1630
6460
8287
6337
4588
8393
5441
3813
6679
3806
789
8871
7832
6539
7845
4459
1039
5991
8702
9992
8334
3987
3308
288
4340
3633
7654
4956
4456
3701
5675
6935
4068
8113
8189
9346
6461
2233
3159
1666
4769
3069
4892
3447
9923
5866
7340
6892
4574
9134
4278
8809
6402
3116
6593
74
9026
3231
2944
9869
4093
6586
2729
9578
549
2021
7220
994
583
7012
8128
6974
2914
654
9320
4831
6464
6495
7148
9134
8332
2958
2242
7903
7702
7099
20
2971
9649
4235
5515
5907
2264
1425
5683
4019
19
8331
7633
9021
4223
6390
8684
9378
9269
8068
41
9569
6590
1264
913
2674
6323
4384
7832
2867
3797
4401
9719
3191
8828
7194
3949
7874
1817
3188
582
2444
3520
3964
5457
0
8575
3267
6435
9179
1270
8055
5273
4109
1265
7241
250
6703
2690
7754
5018
4063
7289
9054
8255
6869
1650
5148
952
1259
6051
6319
7094
1658
9019
7153
1907
4570
6988
1093
2141
5860
1691
2170
8701
8898
1644
1599
5755
933
2210
8415
4820
145
802
6213
3614
1016
6909
6300
2937
6561
6558
8243
6658
768
3935
3965
185
9083
3389
4937
3940
9967
7216
1641
4579
5182
9967
8593
2922
7271
3323
4243
1060
5714
2513
4302
3989
2484
6308
7696
870
4933
2470
8323
9873
9781
9389
6269
9212
2443
899
4496
9905
801
5966
8603
3858
1328
4872
5772
7933
455
4775
4475
1426
5739
4744
7042
103
3072
2036
7753
9445
5050
482
8107
1128
1131
6453
3435
6775
5570
4623
9313
3337
2674
9781
8344
3035
7986
8304
8352
7282
1695
4975
6580
8426
3732
4619
7541
6574
9025
8771
5384
8870
6918
7975
2087
8796
8003
1046
9070
7214
786
818
3790
4839
600
4647
2842
2045
4726
1803
9631
6791
4950
4824
548
6604
7919
6056
9315
8074
4213
8738
8572
8545
156
5976
3258
2271
4861
2262
7182
6622
6270
9722
7307
188
5199
1340
8732
1700
8660
5600
8541
2020
7140
2281
980
8599
8175
9866
5201
5634
6399
2225
1980
6846
3555
3505
9565
9152
8629
99
9919
7869
1264
7963
4976
184
7982
3487
7336
420
5534
3799
9545
5658
6283
6150
3629
5176
1900
9287
8490
9554
2403
2432
2971
5874
4992
9723
9362
5702
5141
5303
7665
6057
9219
6917
8944
3
2770
6998
1627
7825
8008
1076
2821
7700
6012
8238
8651
9244
4951
5873
9474
5332
4321
6045
8999
6309
3236
592
4393
4711
9964
6771
9729
6439
8704
9898
6534
9350
8996
8812
8883
4266
2732
6574
436
4294
7253
5207
5558
8012
5129
7749
9589
2040
556
5687
2417
8993
6975
2468
7964
7644
2713
8987
189
3862
3375
6379
2267
6946
4893
1055
4854
9142
7991
5861
6066
3384
2560
6046
6122
7424
9805
9127
252
117
8341
3120
6889
5863
9120
9627
2930
2610
8726
8548
3910
1250
6520
168
3875
7677
1763
4648
4502
8648
3096
1997
8748
6649
9486
1405
7961
1257
2326
1704
851
5162
3585
943
3082
6365
6362
9612
661
9461
5860
4712
7697
8500
8932
5614
7966
1264
8686
2810
9092
5721
1541
2420
4191
9049
4274
5567
4330
7010
5071
9059
6565
1997
7916
9491
5196
8577
6395
388
6537
6114
5315
3094
5867
6115
2913
7021
70
6847
3319
2559
6151
3400
4455
6633
3061
4449
156
2109
1765
648
8473
5580
1480
2806
2346
3900
6593
2267
9245
3708
6258
9413
4533
9262
4254
6330
8789
8386
8983
8858
2847
4633
3591
3803
2523
6253
463
3961
3337
1731
1277
6643
2766
5940
5735
5755
6650
1032
1061
4064
4145
5656
9784
3852
9205
8062
5550
163
1152
8849
2190
7262
7061
9673
2161
4985
9923
1808
6104
3108
8276
6114
5960
5303
6974
6596
764
3121
2904
4142
972
7869
1556
5154
6832
6725
3515
4413
3218
8460
5579
6579
4914
9406
7766
4738
6340
3557
8769
7546
2356
2051
8203
3907
6276
7633
6675
6500
9415
4189
2925
4813
1006
9031
4462
3094
1183
7417
6123
8646
1944
1288
5137
1385
1421
6403
2686
2980
2270
3806
3469
1541
5718
3207
1560
4135
6890
4253
6882
2359
9428
7294
7777
3370
2032
6319
5402
8359
1614
1709
4358
3116
3181
1040
4155
3950
7947
5954
2321
251
7074
3709
7910
4212
6330
968
556
6625
3566
2652
2655
1038
3176
9640
2397
5433
3271
5365
3401
2300
2221
1738
8401
7962
5561
4911
8257
230
3826
3291
5049
3395
9231
1099
4741
6260
7293
6839
9380
5180
5688
8527
8839
5617
8453
4786
5676
2156
2116
9348
5093
186
635
7185
7327
3817
3655
3056
4564
8032
9643
80
230
2874
1095
7525
2336
9906
4009
2201
1920
433
9602
8845
4084
4912
8263
7304
111
4715
9314
6151
5114
1015
957
949
1459
7755
3792
8464
5297
856
2800
7618
6601
4728
5982
4085
438
8101
3831
5551
7476
9263
5735
4805
388
8580
3678
618
478
3748
7473
9138
9666
3502
9012
5451
13
1452
3469
4698
400
2732
8163
6133
6124
8390
1477
7218
7757
9121
1147
4360
6805
8222
1534
3111
2650
3103
57
393
7955
8149
8007
7310
7365
6035
1616
4970
3693
9113
4310
5900
1522
153
6049
9796
3737
7301
2352
7919
5273
1511
902
3953
9022
5233
1166
2997
7920
710
9437
3060
4154
2000
7464
3182
9765
7303
6719
4448
8969
3583
3118
8203
6008
2010
5455
7537
3013
4727
5388
7363
5543
1866
571
4390
7242
9949
6362
7712
3663
5612
9415
4253
7133
9078
7300
7210
9448
1862
1538
8633
5680
5649
6956
8768
3626
1596
1998
1138
5426
8293
7012
417
6931
7157
7163
7656
9826
4151
6319
1309
1566
577
2200
2860
1009
8428
975
1695
5594
1584
2533
7651
5331
6325
4985
7033
1172
7831
3500
8070
3759
1398
5101
6078
547
1272
8113
7661
9722
4591
3106
114
2180
2339
7468
9158
3754
6566
2861
6049
5236
7395
6090
6598
9087
8773
8040
8236
4327
6403
2190
1132
899
9028
1908
6423
6851
3477
5082
6407
3888
2921
5000
846
3774
6154
6417
4448
7632
4457
2251
8188
6113
3039
5901
3157
9723
6373
5087
1140
6904
1439
743
3971
2597
3709
2027
9278
5773
3164
7848
6398
4646
4805
1073
295
3985
6086
5367
2951
7366
1414
8011
5147
2011
1922
821
2355
7080
7710
1778
3184
5066
5130
2217
7278
789
8873
352
9386
9447
3469
861
1481
4118
4055
2993
9343
6578
6604
7216
819
1131
9495
8225
4815
6800
2392
2862
5148
7572
7884
5775
3075
9068
8668
2824
1656
3866
8859
9798
8605
3367
3381
3976
4389
9412
6261
1171
1425
5454
7040
8754
5001
164
7857
6810
9178
3760
6186
6001
9321
5935
8850
7576
5981
6499
4505
1489
2418
6131
7639
2367
5160
2368
696
4905
4235
5063
4193
1826
4047
957
380
3378
3390
6598
2778
4917
2335
1153
1094
100
7242
4288
6118
9723
1820
204
684
7758
9215
4677
9803
1071
7549
2412
5153
3084
1925
684
7290
3701
3205
7687
2583
418
3779
6362
9883
9481
1969
8090
3740
4210
4576
2973
9631
9882
8792
7770
9780
3715
3950
9547
5391
6172
2892
2135
5646
2276
600
5663
4295
4236
6902
733
469
4137
5635
922
9319
2806
2524
9811
6729
2638
1356
6980
8533
5947
6665
3164
2710
3798
7642
8488
5140
3986
7279
4017
8048
1280
8315
1823
2014
2643
6086
6416
4454
872
9276
8105
4115
1636
5872
5056
4458
5411
2981
1371
6148
7690
2608
2503
2084
8955
7982
4326
221
2132
8569
5442
4595
2732
8963
7826
9363
8658
8503
6675
9244
8029
850
8977
4452
2014
7932
216
5693
8937
469
9869
5670
4152
1466
7986
9049
6128
9265
8076
6966
2007
6936
9035
2407
6463
1521
1489
6827
8330
1798
4109
4769
7350
6383
5331
7672
8708
3037
7004
9160
288
6447
631
9529
6167
4771
392
2456
7533
1284
8275
5184
6373
4776
8320
3597
235
2157
4958
1745
9293
1067
9020
540
8381
5448
2815
5846
345
1205
5672
8977
3082
474
4728
9084
7870
7586
3685
4623
9085
6149
830
4980
7618
5254
5694
6734
1302
1747
4380
8694
9905
2436
1053
3519
1354
2146
1617
897
3450
6904
111
2093
852
5043
1034
250
7128
6772
7743
9811
2868
3401
5511
4687
8986
5262
6807
8077
26
4036
2336
2978
3676
9788
5964
4033
8786
3086
8056
7615
4022
9317
2844
616
5875
8228
5356
2401
4969
1755
8010
9645
2236
8218
1924
8767
7160
3030
3332
767
3728
1781
7137
697
8438
8043
9619
1069
7167
9252
2679
8077
5735
9066
9538
4478
7073
7129
4995
7609
9542
1600
881
6666
1510
3599
1354
7165
4487
7284
4477
8704
8956
3560
9619
3514
805
7985
4345
7948
4068
4211
408
9392
1852
152
7501
4354
2949
6520
5678
8126
9171
7636
9781
693
639
1937
2833
1254
2935
3815
1259
6125
4649
9965
4977
1897
1721
6168
524
7459
2741
3606
6741
2770
6858
1027
3303
3251
4927
5225
1137
6423
5307
6056
7192
95
1851
4899
4171
7462
3290
5498
3203
1212
3656
2104
4724
6372
9991
9651
3705
7221
6762
6871
1156
2601
6944
501
9386
830
3444
6193
6556
3137
940
2579
3392
1106
4030
2345
7565
5663
9873
6946
7970
896
9686
742
9565
3536
7466
4631
2818
7889
3877
608
4763
536
1150
5031
3357
8930
252
9729
8112
7952
2103
148
3902
3368
1800
7114
1442
485
575
8879
4721
8679
3960
8555
1329
1124
6662
7465
6879
1187
7099
7846
9053
2873
5871
1490
476
2268
8233
4761
1822
6981
8292
268
922
6401
7675
5402
1346
610
43
1088
9690
1725
9320
7127
9961
1307
1049
3135
3384
4024
9515
204
7994
2210
6732
2930
8404
4405
3023
810
6042
4221
2202
5761
8721
8326
4448
5307
5630
1001
3579
4845
8449
9630
1294
4163
1659
9380
3408
5955
7431
9150
6206
8223
7121
5097
9231
3567
7799
4753
2108
6583
457
9971
2129
7266
1775
8547
2961
8306
5437
978
4171
357
7541
5286
4701
6008
9120
2308
885
885
6249
1512
3257
3091
1607
7571
9356
6992
3117
2495
7290
217
6743
8201
8622
9110
5978
8635
4767
8621
4610
8727
7976
3330
6687
4522
4378
4709
5454
2794
6523
9868
2489
5730
8756
3393
4449
2610
2446
4178
7042
8669
3086
6427
3421
9102
7763
3594
3218
6147
9772
282
3874
9700
4626
2332
9731
9550
4092
4160
581
5990
5658
8131
9734
2357
9280
678
1746
8305
5848
1710
9114
1104
9837
4759
9983
6201
8182
7612
8858
5474
3630
1035
4691
1276
2639
7394
7773
5551
7467
1517
5581
2061
4794
7675
5505
7935
1361
5341
8030
3750
1061
6880
4566
2337
6805
8966
8930
5860
8856
3976
4064
4109
1789
6411
7284
8067
6167
8386
6609
9346
8612
1102
3394
1475
7553
6909
639
3711
1605
9291
2176
3354
1215
5839
8757
4748
6609
5111
5107
7725
2397
9471
7874
7032
1724
5557
1156
2824
7111
1926
9942
5104
1786
1068
9704
8880
4552
5068
3964
1349
3925
5127
5770
3471
3876
3130
2820
4210
5875
7892
9207
1035
2941
4620
2824
9366
4208
6732
348
1456
2863
1789
7322
9154
3612
2273
137
7440
7066
2123
5541
3047
6473
2567
489
3616
1729
4750
7776
2582
3693
2923
8957
5337
3447
792
5487
2188
4786
5707
8429
3113
4395
5326
4338
9946
3534
2435
6485
6551
7149
8346
6889
4059
8547
7238
9553
4423
8312
3995
547
4305
1004
4276
3146
7317
2631
3043
725
2684
301
8270
383
2250
6757
2119
4957
6828
712
6376
3130
8361
2227
8011
7991
8589
7167
1400
3715
5628
3711
157
731
7962
1190
6067
2524
8785
6691
1710
1575
4045
6117
277
4169
2185
641
9111
4273
8841
1850
686
8929
2776
9521
8275
1121
8007
8950
1760
6658
8933
4167
513
5458
4086
2811
7004
2240
9874
4395
6586
3217
9225
7646
6569
532
9043
4784
9895
3873
228
4378
2333
9718
4892
9663
1286
2234
8704
527
8108
3384
6489
1054
4398
6777
2453
1885
4959
9982
8846
7861
8734
5385
6614
9698
522
9634
7592
8959
1723
6211
1437
1044
909
8691
6953
2297
2161
8644
6918
5107
7976
1578
6289
5497
7509
2121
9951
4547
3847
5235
5186
2918
1521
9803
5991
6072
3853
8936
479
9410
4287
6509
3787
2026
7315
7581
2606
841
5103
3937
7455
3709
5404
128
6881
1744
3199
7495
4562
7150
8834
8148
1688
1921
9752
9092
6116
2247
4077
3939
8853
4548
1466
5941
9129
3946
9946
9839
4543
9060
1278
0
8734
6628
4867
5043
4195
2727
8051
4629
1118
2439
990
8985
757
4218
1456
5771
9236
1686
4223
133
2438
4616
1548
3133
2556
6147
7194
7696
6149
8955
5322
6659
733
2518
4189
9895
1568
5272
2659
6929
8765
8576
9220
8630
2892
5168
8947
5884
5822
2751
7127
7936
315
3455
725
7158
9068
2277
2401
309
1849
8827
1236
8105
5716
5511
2394
706
7341
5426
21
1924
4187
3202
2378
3798
4439
3993
16
1648
9117
4196
8305
2765
7783
8311
3051
3750
7950
290
4123
3640
5701
3926
1030
7119
4713
3257
3850
5384
6246
4947
6775
9810
4000
6202
9027
5709
7213
6019
7616
1241
7394
1565
6180
1539
7278
1575
928
1651
617
7335
8930
7821
957
4674
6337
2660
989
4364
9820
8347
5131
8666
3870
7948
6994
3837
5205
5514
7551
7194
9786
7343
7568
1357
7912
2558
2681
400
2328
6749
8951
2621
7183
1213
6816
7979
6642
8447
9381
4309
2903
2985
6015
8576
8438
6297
4250
5453
5761
1308
8101
835
4175
6144
1672
6923
4582
2797
7254
8057
1104
1390
5590
3528
8261
5194
5944
2608
917
3512
3178
7134
7736
7597
3109
6935
5004
9516
7777
7231
2127
2313
1202
8403
2088
8948
597
3279
286
9517
4252
4778
397
5949
7401
5385
5054
3281
7248
8614
7012
6331
392
5288
863
1398
2437
7863
3978
9577
6454
9994
9572
618
641
4454
8946
3685
853
1416
3552
9550
6015
1292
6302
3300
4265
209
5377
549
1635
328
252
2611
2794
8475
3879
8636
2190
9421
8090
711
6890
1917
1551
7249
1987
2234
2265
7736
2180
6398
7403
3535
7205
2158
2793
2771
3446
9494
6600
4422
2818
5477
9333
1042
1701
5825
9472
7635
541
8509
6668
9333
1484
3472
754
1684
8120
7175
8806
4940
2624
6584
2960
2079
3574
9498
791
6928
6638
5867
2874
5728
5238
3112
7259
5070
79
7591
4285
736
2491
8102
3987
1409
1625
573
6917
4121
5152
5214
4213
1965
333
3156
7636
9163
6477
4208
7175
7713
8670
3149
3426
1270
3633
5502
5589
3978
8592
2017
9415
6903
7071
3597
6494
7982
8550
1273
4895
8691
4586
1131
3430
586
5334
6310
9913
4564
3429
2582
9243
5744
8761
1086
3226
8585
2529
2970
4147
8432
5290
4596
6766
2075
1302
9115
5523
1310
7549
5058
7164
9856
7329
6786
6785
9649
5683
8228
4704
710
170
9180
821
7575
9690
5899
3420
7170
3359
9068
3920
6391
504
9711
5611
4522
7648
4342
4650
6741
3451
6216
9898
4428
5270
1127
4874
9712
1951
372
68
4743
7198
8223
3673
2987
916
5306
4920
2252
950
6682
2877
7849
2666
7312
3044
7231
216
7973
5481
7185
6289
9821
5749
3955
6225
740
4215
2418
2103
3509
4301
6561
1532
281
3003
378
847
4783
9050
7679
2151
3066
7530
2564
3492
1128
9294
9961
6080
8216
2177
1654
6144
3388
8129
5386
2058
870
8522
321
1097
8190
9581
6844
6872
1184
590
964
1295
4935
7214
7617
8609
1756
8512
6413
2482
7084
426
1682
678
3128
7721
5138
3654
8594
2285
9262
7946
1635
9746
5580
6000
3397
4812
3289
7168
9638
4800
1455
8894
8782
304
8214
2682
376
7869
8095
143
3939
6638
6151
122
8432
7620
4179
258
7506
9975
2150
3698
4764
2029
6219
989
6179
4073
8845
5001
6613
8295
1985
3880
4005
531
8506
9413
1069
9491
210
7974
8000
7947
7105
915
6586
4684
1285
5035
4348
8707
5160
6501
9618
4729
8503
3747
7402
2665
8431
5821
9002
7434
7933
1864
5667
7585
6044
5018
4560
3061
2482
3433
6022
6567
4943
1017
1690
2192
5190
4834
1377
5864
1678
587
7049
4832
8795
2665
7481
9844
8735
5685
9475
7801
6485
4176
429
3005
3065
340
6980
5125
3101
4586
9142
3953
5503
6180
4171
3204
6660
4080
2892
8254
2532
3330
8329
1617
1316
1312
555
8423
9650
6930
9662
1702
3599
8446
8647
9090
5418
5130
2438
976
2437
7587
80
1915
6851
7478
5270
3853
9086
931
3769
6536
3214
613
282
2274
5052
609
9294
5456
8959
2203
8650
3355
2209
8603
4364
2732
9653
7379
3790
674
7192
3700
3286
6982
72
542
2682
5647
7826
3643
5334
2224
8907
5245
481
4452
2269
6926
4481
1804
9498
5558
3524
575
3543
4708
8295
471
4023
4390
3405
4900
6315
2944
6456
7444
7459
1305
9607
997
7373
841
5799
9695
9782
6150
2462
4306
2473
5731
8260
6013
7219
2326
6297
2774
9473
2316
4590
233
2729
1165
1921
2419
8938
3743
5082
6324
929
1067
5239
3426
6492
1642
4277
2981
867
8447
3798
6642
4142
7864
392
5040
7984
2109
386
8656
2119
4534
871
4872
6798
230
3993
572
3709
1018
9278
7938
8701
257
4076
5007
4778
4243
4577
4088
9692
1885
2066
6740
3487
6708
8312
6443
9132
2165
1836
7027
7328
6181
9021
623
3253
8344
1770
8277
8742
9429
6692
9690
8682
3234
391
5619
6678
1030
7588
5893
9774
1936
7308
2024
4506
6347
4415
8582
8698
1722
5010
769
1174
5253
9760
1462
4612
6621
674
3292
2293
7621
1274
2283
1189
2630
5868
7552
193
8859
7355
9735
4304
8181
657
5855
4755
3041
4165
4988
2637
9209
6468
4086
7866
9852
6859
3126
8164
1929
2498
7734
3082
3350
9616
9381
5324
2781
9976
916
1184
8426
3411
3160
5194
2287
3743
5591
1693
5532
9065
8260
6096
7892
8306
6817
2164
2589
8302
839
6428
288
4399
9718
5396
6936
8893
6215
6664
435
1184
6293
921
6362
1654
2831
7766
4433
4799
8760
389
2752
6051
8421
2528
8992
6634
1442
5203
2274
772
3247
3373
7258
5536
1114
1576
1100
8220
9436
1713
1609
222
6240
1490
1220
5266
3833
3102
4192
4917
8598
2022
5653
7511
6367
633
8133
9727
8687
7926
9773
9470
1698
8954
7428
1573
3044
6105
5214
1466
7291
3087
3418
8735
9286
3456
7263
2594
3798
1399
7051
4746
2042
6079
7828
1879
9399
857
3782
3274
7980
9319
2563
1840
6165
3635
4064
8570
4142
1884
1274
8136
1616
1983
4110
6610
4459
1391
2018
9710
5651
697
15
2266
9371
8415
8389
1342
6201
2688
5232
7811
9178
5981
3752
9404
8266
7455
5759
426
8164
6455
6236
7515
8079
9892
3444
3702
5313
9449
4367
1758
1010
5034
71
1838
1912
3107
5228
4839
7123
6705
8095
6953
5871
3046
7016
3963
2583
2144
5833
7485
8558
6961
424
5552
6348
3750
3892
8727
655
6206
1182
1305
9755
6489
7669
5452
8091
9946
7601
6556
280
2154
193
7220
645
3649
2159
1763
6830
6585
3075
7516
5832
3753
1273
1837
5343
187
9022
2070
843
4076
6558
9389
2617
726
7725
9806
9543
5183
5810
7040
984
9738
7463
5296
2583
3516
2615
4062
7715
2274
2115
1602
1733
446
9619
7295
8850
7057
6468
9730
6112
9632
6124
3947
5743
8564
2831
3358
7624
6660
2891
4230
2089
2754
415
262
6432
1540
2688
9087
7071
9773
8259
9441
8088
9624
2848
6860
4400
93
8990
3698
3380
3474
7043
6688
170
3270
9256
8436
7694
1303
5162
9231
2987
1121
5641
9278
4527
6957
8477
135
3353
7354
3885
9615
5678
4983
366
351
1825
4723
3243
1912
1576
1134
3619
3997
1416
207
2999
7374
3433
3078
620
5622
4409
6000
5373
8934
7204
6150
6006
5143
8387
3058
748
5821
6873
8462
956
9484
3116
1174
6007
5807
9632
2927
3055
2489
9385
8217
1833
297
8731
5039
5035
9162
7272
2419
9767
9383
493
5008
9176
4672
7369
5436
661
736
5993
3372
6011
6625
5842
7013
3481
15
6987
793
1512
9175
3387
4154
1106
6503
1262
9425
9127
1106
3869
3551
4770
1853
3350
669
9284
6046
9556
2405
3827
7607
6276
1141
4846
8549
5959
5751
1452
1600
4028
7575
3775
1323
5794
6965
1815
7028
9569
8062
6484
5427
542
5599
8725
7010
595
4357
503
6511
4140
9914
3886
7484
5079
5795
2874
2397
9925
564
8025
6228
8425
8191
7641
6690
5659
3069
3232
4919
5471
9910
1335
1078
2349
5856
6065
7018
8865
7133
6327
6304
7518
8403
2667
9666
2951
6885
5391
3258
7999
7357
7715
8252
6568
3160
7793
2328
8412
8631
1347
7917
2493
1692
7049
844
6500
3649
688
227
9902
6003
6808
697
2897
7163
9439
9279
433
8806
7916
1665
4056
2435
2783
6575
4605
5271
3442
3185
96
1769
1320
9407
3210
6000
7575
7757
1372
9363
2550
451
5891
4864
9351
9876
6222
7379
9384
6264
2207
7661
4881
7488
6662
7881
6991
4165
4874
2421
5177
3864
1214
5974
6446
8151
1109
3855
4947
3188
3013
8231
3248
321
1887
8033
1955
1325
1957
6465
8110
1427
3847
4605
9423
5766
8105
5622
802
7818
2314
5357
1293
8050
7638
3035
4921
9293
5434
8239
1773
8565
6674
7010
8708
6788
9633
1690
1198
1787
2076
3823
8521
5568
2342
2644
1195
4590
2710
1786
3804
7603
1200
3055
5746
8814
5218
246
1662
2634
7861
5306
9933
3899
4532
7192
6794
2540
9398
182
1772
6490
5519
8963
5165
3738
7477
4226
8417
1018
3260
5261
3012
4640
4657
2195
7383
4755
9003
9313
8543
2278
80
8180
6015
2263
763
7225
2072
6208
4667
5512
2880
5300
1684
5592
5638
7649
1554
9205
9352
4066
9411
110
4047
2869
2179
9652
2225
448
9510
9019
7449
1148
5476
6906
7968
508
2610
6889
1134
2541
9462
6453
9936
303
1682
6800
9571
9927
79
3796
246
4653
380
5078
742
9853
4607
8603
7017
9710
5323
1757
6375
2727
7471
8589
3675
1453
6600
439
9344
8770
7061
479
1569
8254
9163
259
2050
1745
5062
3887
604
2200
6679
1970
7390
8187
9345
4165
9061
1762
3332
3128
7887
8804
6754
1414
2688
2145
4354
5571
4376
7934
9171
9035
3235
8219
5570
3556
7122
9725
5887
8349
2975
1172
3366
2975
3781
8203
1314
7993
7225
862
1357
1035
7587
6533
5183
7006
8715
6145
2247
1070
2973
4774
6395
8215
4746
4667
7345
2467
3366
9533
5376
3125
9254
6575
3633
6610
273
804
6704
4340
8097
7733
2577
5673
5345
443
9112
940
9626
6067
2307
2411
4409
7855
8898
7736
5816
4444
8733
7307
8407
4423
2272
6612
8715
1854
863
7970
1404
1080
2700
8595
1799
1774
8201
4461
2406
9792
1328
869
5650
2629
7104
1025
9079
68
674
1957
3889
2058
9246
6672
2681
3334
4473
4643
2846
1315
274
7932
878
3935
3024
7432
8724
9105
3639
8385
2833
779
5781
7346
4281
6604
8991
2337
6757
8471
2199
2450
407
6405
1934
9343
4606
212
3587
3755
1218
9713
9481
1605
6582
5912
590
6741
3900
6137
288
777
6946
7150
2425
8017
5948
2623
8554
120
4365
7586
8595
4072
4049
3278
1201
8802
7294
3425
2867
7547
4048
4006
4351
4817
7869
2875
6801
6105
326
9970
1273
9733
7194
2311
2235
4708
5822
1246
9105
3535
367
7942
6713
9959
546
8513
2067
4077
7705
3077
9327
4848
1218
4896
4949
1618
4021
9143
7571
5449
7477
4202
2793
1348
7380
2874
3020
3830
8563
2538
3029
7622
6550
1451
3546
1236
1335
2189
2502
4403
7407
2967
7066
73
5369
0
2574
3952
2312
4768
4607
2042
5038
8162
4682
664
6122
3597
8618
6871
4716
6171
3755
1305
186
7568
4969
3569
3569
7802
4008
8891
9577
8551
8549
6066
2513
398
8234
7904
5037
9428
2788
3804
6200
6344
7599
3724
3201
5355
4857
3588
5318
7284
3564
7554
5738
1403
7720
1827
5118
2491
9255
3447
8360
5771
8748
7516
9689
8122
4151
9552
9196
4560
3716
1113
3473
7956
2656
5983
5683
13
5377
5752
5291
96
2735
1546
7034
2744
7548
3848
9394
5093
3780
5819
667
1595
5010
5015
9501
4849
9030
1987
8106
6002
2873
2246
152
8005
1966
7727
9465
7863
8604
1758
4846
3000
9858
3656
7542
7964
7267
6457
2714
9342
4351
143
427
790
2750
6944
6845
4984
355
5952
3956
9005
8211
2436
8626
9350
3705
3526
1459
1708
4272
9097
3076
5545
6326
2595
9272
2609
7261
7536
2064
9949
2688
3429
2792
3638
5359
3533
1419
9682
6500
4596
7394
8069
7670
5142
5691
2490
8743
2132
6466
1245
903
4814
2752
9014
8111
1663
9334
14
2562
9939
3878
7389
909
9980
3984
129
4631
5052
9446
4533
4854
4284
5397
5837
6581
3678
752
3688
1431
3585
4784
5315
453
9296
7891
267
1211
4863
5379
5173
1089
506
1295
2473
378
6589
3219
7602
7500
3632
8249
423
4933
6369
1793
5772
7407
4489
7314
5348
6394
1898
1318
9272
9735
5391
1725
9559
926
3935
7203
7940
6629
3827
6162
9757
8760
5275
4803
2979
5164
8193
1627
4631
389
3959
9422
8869
1922
6671
419
5082
8155
2579
2990
9026
6507
4693
468
6843
2006
824
8158
1176
306
3535
4530
4088
1531
4373
2905
9660
5011
4862
6627
5597
8887
8591
348
5783
9381
4505
9566
320
6089
161
994
7844
3451
5989
1539
4489
9010
9909
6295
2420
3123
4402
5333
8559
4135
8519
5922
282
6031
7312
2262
18
4509
5627
839
7009
2727
8007
6709
2284
9741
2618
3106
8254
9094
4540
9393
1909
6206
3124
2564
1340
1856
3857
7970
7425
9421
69
591
6953
7757
235
9046
3240
5012
1252
4408
7581
5852
2116
8682
9382
8539
5284
41
7503
1210
2646
2153
5113
1673
3317
5133
3253
7548
3411
2742
2430
2509
7887
520
4101
505
3421
1271
2241
5005
1305
2236
1027
6162
5683
4427
1639
2129
4731
9700
5661
9157
2089
3995
2906
6255
4435
6847
2209
6691
8542
7686
517
8190
2603
8131
9341
1599
1738
8566
6955
8862
8154
9484
9429
1389
1028
1764
5742
8890
6352
6156
5295
6753
591
3158
5031
989
907
1486
6738
4297
1033
7676
3978
3091
8494
5111
4890
7551
2403
7550
6807
7828
7023
8771
3405
3083
8164
5933
6933
3738
4080
8810
305
6117
1034
8065
2071
3883
6989
5297
6313
3821
7450
199
1087
7325
6873
6216
4664
5040
2356
472
3399
9877
4931
8612
4951
3332
6313
7802
16
2524
1390
8149
8647
1886
5144
7268
4487
6789
7222
704
746
4912
5845
1200
3420
4011
3579
9552
2291
7228
9980
7008
7205
3618
4360
1617
7900
7062
3695
3028
19
84
402
5431
8226
9690
1235
4500
4970
8174
3681
3978
8306
5535
5578
6019
2011
3150
5901
3681
1464
8809
1265
9038
6089
8406
5127
6775
6733
2961
4383
305
2140
9766
4712
7722
235
4348
4604
9071
8969
7405
8204
4624
3912
32
4637
1820
7861
1265
3647
9577
4322
846
6555
2942
8332
8357
7083
8706
6866
1415
7839
774
1811
638
2912
4690
8298
2925
9943
5943
5380
908
3133
5321
5674
9339
3898
9258
7285
1837
8755
7464
4161
9039
9462
82
2915
9007
5896
9200
8428
1481
7430
1361
4410
4373
6503
2920
7531
3505
3547
2392
5244
8617
6810
3778
9275
3417
2026
9920
6483
6988
8050
1002
4013
9214
5429
9908
4174
2095
5414
4248
425
7143
2301
4668
3454
22
3254
8236
7493
3001
7474
8734
2692
6331
4803
198
2970
7667
2372
2054
2050
4854
7132
8471
184
1413
7282
6669
7381
6317
1735
7837
1716
4290
1846
5390
7494
6571
125
7694
8579
824
3329
3293
68
3131
2676
9657
3503
9721
2414
8709
2763
8502
8712
1779
2136
1914
8639
2764
886
6034
5434
1532
6937
1022
5199
2652
1181
4596
9943
5222
4026
9965
6327
3994
8387
4806
8630
9263
4984
2658
6470
5735
6993
9850
5313
151
20
77
3835
1068
6657
7109
9589
1780
9627
4751
7886
9665
3650
6610
7105
5767
2003
4302
2601
1241
332
6492
1324
3087
8801
7378
4490
3063
1732
7246
6483
9272
6661
8480
5456
2777
7216
8706
9920
5883
9193
1419
2751
6651
1759
6339
2406
3787
7613
5080
4198
1029
9715
2496
166
2629
8614
9410
8672
8556
5181
4577
5345
6990
7950
489
3930
5739
8348
9622
5289
3803
2092
2186
465
9285
82
2308
2276
6661
7563
9357
309
972
5566
3546
8290
4105
4330
5855
2801
8609
8518
1158
6588
7562
4628
2380
5471
7142
6117
2189
126
7468
3083
6946
3711
464
1608
7801
4924
9328
7441
794
9343
1959
3939
4720
3361
8525
3187
1905
2250
5692
4199
8511
3317
7419
3479
2720
7862
8382
2901
6711
4660
3836
6823
1158
3403
7259
7980
4543
660
3820
7684
4377
8684
6275
6026
7952
3032
2989
2914
4985
5698
8959
5400
5208
5879
6450
6161
3836
5693
4617
2922
3918
7939
5245
671
7785
5178
9907
4493
5496
2575
928
2647
2225
4186
752
6655
4522
7150
4374
8709
4682
1079
5947
4586
8444
2778
275
3651
4492
9021
2581
5105
750
3354
4565
6124
3803
5378
2782
7879
2410
9128
7632
2461
7647
2258
9399
3508
7893
1256
410
7081
4638
820
4882
1125
6339
1797
1765
66
5079
7659
358
5247
1425
8188
1748
7803
2398
8429
6436
2491
643
841
7987
7113
5078
1936
3066
509
8230
2073
8472
6367
5508
6210
7524
9998
5672
3184
7385
8702
145
1880
9089
6074
5251
3537
608
3778
9656
9819
5714
2919
9485
7545
2137
7957
8317
7736
9843
3138
3347
3216
950
7165
3337
2253
4340
369
6757
2759
6973
870
4440
3353
3051
5684
1540
9996
8252
9525
6272
2367
3958
440
9911
993
373
5514
3568
9868
5039
2261
9161
7898
4123
5906
4264
5128
1896
7254
8163
5862
331
5129
1367
8251
6656
9713
9084
5619
7527
12
4018
8716
2438
7709
3432
9318
7308
7242
5650
6908
3254
8544
5669
7763
827
1839
357
1132
7458
6726
9890
6113
4057
6449
1621
2838
6746
7708
5595
3751
3317
6665
6316
4253
4240
9568
9465
9181
2427
6395
884
5652
6408
5897
9110
7817
8054
6203
7946
8738
9408
4971
7321
3740
4701
1061
8631
4555
1823
7428
7814
4033
3958
3860
8506
2978
572
4457
5028
4614
9243
8083
4609
2615
3372
9004
5261
4084
5787
9591
8244
4169
7410
9027
7718
4395
1901
1690
2067
5130
7381
4466
8547
3037
1498
8859
125
7086
7158
4856
2452
3815
4956
4352
6447
6418
9799
6015
744
6637
8179
6676
8266
2364
1956
6838
4010
3048
1938
4767
6692
2827
9317
16
3777
9246
6411
2479
7037
9871
111
4346
1801
9316
1562
413
7059
7126
9440
3307
9294
3813
91
593
8617
4665
7442
2321
6597
9381
4345
6163
1700
471
6056
2264
5665
7519
9075
7106
1112
4551
3253
5043
6245
3451
5244
6527
2754
7374
3687
5694
7373
9958
7388
5004
8972
7627
4166
1497
580
6906
2368
5480
8066
9011
2156
3912
5225
9360
8262
3579
1531
7477
8022
4996
2829
1969
8787
9467
599
1172
6475
7143
6954
1546
4401
5311
736
8201
7184
5298
7803
4873
229
5011
6221
3167
5255
4309
4679
6692
7685
6606
4028
8414
807
8087
7051
6571
8044
5180
2408
9632
5674
7302
6353
2435
2318
9293
4357
1261
2000
9186
2225
8810
3999
4836
2579
5209
4944
9176
1632
36
9260
2001
1146
9749
3381
3060
121
3629
9032
7969
8445
9034
4364
231
5073
7686
243
8118
3140
238
1608
6359
8785
6766
9715
1927
422
863
7352
3158
9408
4286
3009
8405
5542
1001
8423
1782
4515
7007
6920
9181
8283
5089
6921
5359
8252
5393
2787
3790
5621
8537
2354
7345
8007
1826
3724
5025
7608
275
4270
2990
4148
4539
7833
9368
4681
7730
5217
7741
7852
3927
1450
1920
7783
2164
7150
3170
8718
3228
6390
6156
1768
9007
7828
140
3900
4357
9100
2269
7420
1642
958
1657
8606
6423
4810
8261
842
1065
9409
2010
5739
1261
6115
747
2462
61
8806
9803
2835
3043
4587
2558
7043
4197
3071
8655
3545
3970
3284
1471
6348
888
5130
8282
238
9802
9594
9360
4229
3937
9702
6430
5028
5936
9963
1204
1607
2512
2421
3357
5417
4042
3200
5312
6741
9934
2724
6157
4599
5318
4973
7179
9970
899
8511
1133
6850
437
8832
7069
9184
9184
6549
7412
4962
5136
910
4094
6885
7558
1145
7487
2636
5493
4930
6536
8115
3870
5308
5536
8516
9828
6168
3207
6463
6296
6877
5411
7411
1122
6434
1986
472
4171
1178
6556
3356
5099
2828
5766
2529
1201
8900
6343
9752
5605
8590
4589
6048
4450
7243
3704
2012
1576
3704
1757
2777
1997
2933
1857
6196
5418
7539
5165
2721
4884
5269
1572
9676
9660
2233
5561
1858
6715
3561
9190
7232
4213
5813
45
5019
5907
5806
2271
8498
3167
3338
6242
5450
6083
4761
2181
6374
1008
1793
3490
3001
6909
4167
366
5181
9765
7460
819
8006
6622
5442
5557
697
6344
5972
4017
204
4002
4386
8808
5599
3265
5564
9465
3991
1696
9624
3872
9602
2074
523
8910
5996
157
1725
955
6007
9707
8711
6693
9573
3335
3995
8960
2410
5356
1366
6655
8469
6542
8447
4682
182
5718
2134
9626
3208
4004
1438
8214
3242
9237
2742
2183
947
1266
3874
8738
5940
9845
2002
1587
3352
751
1442
3856
9935
7188
3000
3043
4928
204
5525
5065
2623
7816
2190
557
1830
8777
140
2123
3599
3398
3481
3637
9453
1534
6093
5334
8798
2511
7783
8392
4326
2840
350
419
3408
5774
981
6937
497
8589
2286
6738
1263
4599
5765
2075
3412
1203
1995
1919
8350
2399
87
8870
646
2138
2407
9443
5740
3751
6572
2645
948
5156
7649
7460
6647
2918
3424
3103
5490
2478
2715
7077
6218
5733
5380
5107
7359
9892
9032
9223
3183
2282
8625
3098
7387
785
1229
5371
3687
9928
4177
574
3935
7505
1671
9138
9522
4060
4731
361
9305
7909
615
4473
7517
2775
7535
6950
7692
7310
4336
2369
4051
6239
8963
4034
3558
9297
4211
7233
1867
6578
7515
7458
9876
1681
3775
1585
7059
1421
3602
2887
1613
2454
7400
8553
3401
8856
8596
7612
7474
1352
258
1235
5421
5520
7823
989
7805
7046
9082
7490
1817
1080
6020
6930
6358
8303
6722
418
2657
580
3090
9688
9169
6070
9455
1177
2055
1066
5173
5567
7581
2838
189
3603
1246
819
6505
8896
4787
6172
9513
8543
7921
2748
8781
1604
4576
6937
2441
3627
509
6094
8733
4348
4604
6291
6014
3503
2086
285
545
6915
8617
8483
4711
9160
48
7486
3372
6774
7617
8895
2361
5554
1809
104
5761
7900
8163
8172
2673
3993
6892
1769
8631
6275
7251
1576
3085
7210
6300
6557
738
8530
2726
8048
5528
5881
9397
5946
7694
5277
9175
342
2785
1524
1405
9177
1429
1483
3308
9119
1843
5906
1168
3581
7992
9159
642
1712
7171
8459
7308
9312
4546
9650
9165
4203
1135
600
5319
1670
1274
1452
1644
2675
2819
4808
6719
9559
7701
2677
1939
1321
9264
8957
7526
807
99
1295
8851
6820
7679
659
5197
2592
3559
457
7156
615
6819
7759
5412
1459
1877
4116
9414
7956
5420
5476
1373
2198
6720
9913
1375
7005
5661
5158
4160
4311
2928
923
3507
8996
6598
4775
8829
7548
1458
4394
7601
2202
5834
6269
5412
2059
2217
442
112
3082
3295
5194
6423
1781
2542
9841
2112
9751
5295
6441
4175
3151
8832
78
3376
6791
8155
8996
8715
3301
1016
223
5776
6591
7575
6880
7244
1659
4646
7507
6259
7931
4473
1726
4552
514
3595
7571
5316
3978
1224
7267
404
5033
2388
9431
4305
8390
376
2906
6597
9630
3704
4130
2524
9349
2557
6286
7048
1252
3942
8548
7712
7571
8856
2394
8655
3584
4740
2125
1039
604
953
1903
4633
4227
3157
2436
3291
4535
2781
3264
7321
9678
5802
4039
2265
3800
3614
2301
6874
2179
183
5971
5568
8867
7511
4210
3137
7231
2478
7232
9303
8159
1707
3794
7448
8818
2241
4415
1938
6379
2934
2094
704
8334
1761
3736
634
2823
1337
9829
4017
3389
5398
4735
9894
1063
6812
7752
8479
1096
3091
9736
9657
2833
5254
9767
2066
5440
4003
3529
2099
8335
1246
4501
7840
4335
2125
4947
3481
6375
1468
8297
9902
9541
3892
360
7045
5237
6573
970
6352
2053
8949
4307
4667
7236
6357
8448
3824
5150
5861
1602
9778
367
2596
9775
5262
6517
3027
2267
136
5401
2471
8959
1178
3823
7218
179
533
997
2317
4645
6743
9187
8590
1437
6478
5850
966
1378
3438
7966
3373
5289
7795
163
1541
8209
9755
3924
1737
3878
2659
7705
12
9807
7910
8554
1049
2175
447
1168
491
1374
6021
7858
7371
1962
7989
952
3551
3644
8278
4108
4599
2003
6729
162
8538
7802
9179
6495
6629
3929
7061
7070
4690
8072
9414
3330
1339
910
7050
3408
4628
3428
4683
1639
4916
1426
9757
4952
1225
7901
5034
3046
3817
9388
9670
5226
9083
1749
4422
3080
1462
3843
929
7048
7364
4397
9245
8802
8604
6769
9276
1053
6579
7075
517
1708
876
8122
5357
9290
4294
5583
636
767
7048
3385
4111
5306
4076
1534
2537
9524
7378
4743
5506
855
7648
6622
3513
2838
3709
1648
3712
8581
3657
6060
632
9183
4496
7571
4601
7772
8754
6161
7509
1745
1377
6426
8345
3535
2612
1495
3181
9266
8408
3041
8132
7288
3189
6650
738
3492
9486
2479
3198
5998
8527
8358
5577
5948
2840
8141
8557
1369
9914
7925
5288
2354
4718
9664
3145
1109
7449
9926
3963
4194
8561
6502
7738
501
2063
2
1685
8246
756
2523
96
2636
1934
1654
9838
256
9649
7827
2514
6492
1716
7869
8603
2466
6437
7602
4836
5182
2115
6715
5787
9328
5008
5832
937
9181
6662
2891
1566
4662
6778
8400
8704
1890
3521
5763
2608
7795
9385
1980
7828
5059
7297
2661
9233
9016
9350
9095
9277
266
841
458
46
606
7932
2227
7915
1996
2125
4748
9155
1169
5274
9868
7059
9783
6330
8324
4338
6519
1752
6740
4774
4521
2057
5170
7579
2138
1102
6139
4077
3407
1194
6501
4861
4817
9394
7262
9411
4082
6033
1145
3449
3688
1475
9497
8846
3720
8090
9259
4985
4885
4662
3835
6550
8691
7559
1009
7808
1405
8534
6263
6861
7363
360
1410
9067
5952
8608
3223
936
9859
5574
9391
3835
2450
8073
4924
7939
3947
125
9594
6365
6639
3317
2155
2733
4440
5024
9367
4226
5689
9657
6769
9792
3606
7352
6377
571
3317
1916
9403
5468
2883
9771
9790
4812
1757
9579
9749
1703
5847
8277
5033
8623
9396
2288
2837
8660
6937
3864
8092
4303
9974
9137
8992
5017
4365
3674
9211
2617
8377
7485
2243
4954
2678
4644
7628
4204
4124
8581
2384
8010
1133
7231
6785
7605
6187
7706
6619
3323
7575
5289
6982
1602
6033
4007
5744
3879
8899
8906
4733
1287
5133
6907
4361
7581
3799
8467
7444
771
8456
7502
6458
9829
1939
1076
3679
6041
2706
6454
5926
7080
2332
7744
7021
285
2547
2677
5291
4570
9075
3218
2431
5805
6035
4350
6761
4765
4369
7576
634
513
7191
6659
9871
1862
3288
7602
4589
9901
6403
8240
1514
2906
359
4399
397
6705
3796
5520
6307
3914
9001
5294
8832
7290
6178
6658
4922
9096
5553
7708
460
1653
1452
3499
5482
4752
3840
2345
955
1449
6886
6680
8789
6246
3486
7862
3011
5944
4564
1477
9771
7372
6627
2786
8888
4788
1964
7363
1661
3276
2378
5224
7415
7331
2073
4482
3327
6071
9301
8404
2480
6198
5624
5125
7156
1667
1663
5816
7791
6310
2255
7353
2343
9834
9020
1511
3364
2230
5108
6691
7768
5207
5258
5097
1095
9121
5268
8188
4101
909
6289
167
4893
6896
9046
2660
528
4331
408
2904
6850
5022
384
9074
4073
7225
4078
3240
4909
3962
7329
2083
331
3931
8047
9997
7953
8521
3017
1399
1522
1730
1719
6266
2045
5908
6778
8915
3374
5813
5062
6412
8498
3677
3004
5323
3271
5567
574
6436
3574
4910
3445
3128
5961
1724
6839
2438
7735
4994
3319
2787
8831
7302
5623
1509
3380
9019
5242
2133
957
8332
7729
9071
7152
3156
3318
9181
8662
1351
3666
7780
3912
828
1579
1462
458
4438
3881
3122
3980
2715
2035
6411
2549
7270
800
2598
8831
8447
3985
528
9725
8652
3822
9096
9096
3559
2015
6134
8904
5632
8878
4144
8941
2360
3642
2660
3523
3861
1229
7531
6395
3914
7317
1516
2933
5324
5779
5070
1865
9087
9356
7002
5938
3161
4282
2183
3242
9506
5401
1357
4515
1666
2697
9898
1672
7131
6000
963
1289
3248
987
6349
8837
7325
8707
1059
1040
4448
7290
9124
8525
2298
1600
9821
3711
3901
508
3840
2785
9592
2854
1875
8128
5578
4937
9323
3513
1067
9284
9792
7556
6803
6394
6704
1916
4931
6430
6155
3928
982
1849
5551
9867
9469
4044
7116
3623
1605
8208
287
8488
5247
5747
2289
7321
7684
1209
5734
4071
6493
9759
6045
1753
5233
2576
5080
7272
6695
1955
5023
4143
4457
7620
3830
6868
6500
6375
8837
2189
89
1996
5857
2777
6787
2734
6685
5345
1967
5312
1566
6245
7330
13
7501
1801
3529
8839
225
9380
3486
8393
8322
9598
1959
3515
3766
1864
1350
5311
2649
5722
9374
9086
3672
804
6005
2605
325
5853
8324
6541
7126
1827
732
4562
1446
4050
4613
3584
2654
5812
9959
2364
666
9091
7172
8041
2190
6411
2529
8370
3390
8164
4931
1604
2378
4114
3499
9511
6228
6660
2465
9897
4173
6582
4106
3234
854
3630
8683
6566
5790
4419
3461
3445
9758
2550
8852
822
6258
3646
8465
3452
2671
872
8442
9711
9379
1499
6140
1640
6570
3957
3701
5052
4107
7218
3105
4122
9007
3668
4403
8892
6417
7597
4328
9021
6746
5825
7736
2365
8603
3887
4111
4379
8431
6706
4103
9992
5124
1002
5463
9492
6237
4297
1232
7591
4528
5296
3857
7845
4941
287
7685
3234
7105
9740
309
4895
2110
3244
4116
5239
6418
5160
5221
6452
6566
3708
9091
3076
6905
3419
1421
4348
448
8690
5362
6541
2958
952
4053
4509
9666
6708
8108
5464
8650
9617
2366
1459
1392
9998
5546
5072
559
8893
4065
5956
7305
5585
4060
5347
4614
8592
2512
1096
723
7176
9335
764
1703
7097
6726
4851
4877
9956
2447
7759
8950
8980
9525
1916
1767
5148
3239
1734
8317
1015
657
9678
4867
644
5911
8504
9935
7103
320
3680
8683
7622
4164
5842
1811
2853
6095
4820
6681
8386
3977
9146
9513
3044
7075
653
843
3317
4017
8663
2158
2025
769
4552
8913
2390
1760
842
3992
3316
977
9857
3808
9277
2556
4549
984
7141
6693
4546
4453
5809
3664
7474
9940
630
1291
8102
7642
7244
7631
4840
5879
1527
7370
9595
3766
3024
2173
5184
2447
5985
8312
5140
6156
6579
173
174
2110
911
9681
4185
7327
4456
1424
3806
1868
3678
9161
4482
7604
8773
7695
2129
837
6765
8507
1310
4813
5998
1686
9690
3356
7080
2536
5199
9574
2007
4315
9971
2455
2754
9516
4732
4617
6647
5141
3137
5452
6138
2295
5480
2381
2156
8672
2869
8077
9617
566
973
3546
6154
3633
9117
8842
2335
9927
7510
5719
3403
8778
4934
8982
9078
1295
4814
967
2338
8834
1524
2091
8134
1279
6470
5651
5351
3035
94
2132
7885
6517
8480
2390
6292
2705
5266
134
1759
7424
9034
4274
6369
830
2693
6374
8046
6023
4809
4539
7998
6936
4905
5863
3113
934
5899
8324
8760
3014
666
6533
1643
7116
6388
6842
3814
1255
847
854
4596
3012
1371
3041
7089
1452
1581
1765
4217
6787
8018
6904
7524
7468
6022
2924
2564
6725
7191
761
8461
1706
4531
9637
3657
3884
2138
5451
7916
8772
2974
6692
1152
6341
649
8613
5612
9619
6115
3754
7879
9136
8874
7759
1636
6127
7757
2395
192
6510
4943
7886
4741
1787
4477
4835
4585
3783
263
6387
3317
407
6190
168
9309
8901
1289
2194
4868
802
9037
6435
3320
9275
4286
3496
1661
8234
2645
5368
517
4364
7344
5515
466
2573
4203
802
3140
3058
8088
2555
6422
4230
2116
3236
369
1380
7844
8176
5274
6800
7096
5945
8698
1171
2040
9392
419
3141
4632
6211
359
8718
8182
9121
9122
3646
1570
473
725
2522
5631
7372
5673
7584
8783
7333
1517
5171
7614
1175
7584
2216
1539
7162
3167
4541
1182
91
6370
5122
5408
6866
5467
7083
2939
8596
3931
4356
2030
4976
5541
5221
4354
2909
3603
7760
1979
5654
7521
3463
1967
9584
5133
7940
9684
9680
8476
2654
47
6137
1315
9457
6431
2410
3683
4455
3508
1816
958
8009
3188
5550
8109
3439
2269
384
9471
8134
1835
6880
110
2148
3792
5484
5062
5721
7776
5896
566
9508
8982
1827
9968
5510
3737
4705
5419
3309
9678
